-5.09154 2.39157 2.66655
-12.8644 4.16173 1.1094
-5.52267 4.12454 2.17616
14.1546 2.63345 1.04185
12.0855 -3.77468 1.18471
1.77252 14.2849 1.04207
13.3229 -0.567565 1.12486
-4.92065 -11.0574 1.23938
-2.19729 13.9987 1.05857
-6.61071 -8.31585 1.41199
-3.90637 -0.726531 3.77514
-3.32512 -4.43026 2.70793
-4.99321 5.54051 2.01112
8.00779 -2.99481 1.75449
-8.39872 3.46695 1.65086
-7.41636 -10.682 1.15348
5.86559 -11.4384 1.16689
5.63215 -0.14363 2.66242
8.48227 6.76533 1.38251
-12.4578 -0.538765 1.20294
8.74494 -9.86972 1.13752
10.9648 -2.00158 1.34578
4.89314 -4.95437 2.15413
0.465366 3.96768 3.75481
-4.1411 6.53877 1.93804
-0.410288 -14.172 1.05799
7.0893 8.05989 1.39742
-8.06852 9.81139 1.18083
4.04011 14.0138 1.02849
-6.77211 -5.87768 1.67279
-1.5551 8.51737 1.73247
3.88842 0.669636 3.80164
-5.16313 5.19581 2.0478
2.95535 9.97931 1.44124
-4.52486 -12.8455 1.10139
8.58314 -4.61116 1.53951
7.03395 0.0178441 2.13251
-9.22117 -11.22 1.03284
1.42412 8.06035 1.83258
9.66333 0.0398159 1.55225
-0.122864 -8.28193 1.81097
8.21575 -0.944833 1.81381
9.86953 -10.4555 1.04327
2.77843 13.4983 1.08843
-2.76954 5.23588 2.5324
-3.18099 -3.05682 3.40007
-3.9868 -4.31262 2.55402
-3.03777 -0.825485 4.76503
-12.5246 -6.97298 1.0464
-3.03465 -2.17815 4.0156
2.88891 -9.68874 1.48364
5.28093 -9.54031 1.37559
-11.9153 7.1028 1.08134
-10.4561 -10.3303 1.02052
1.87647 -13.8863 1.07047
1.95795 8.90048 1.64595
-14.3423 -3.32181 1.01889
-6.99968 1.02962 2.12014
-4.71455 11.0677 1.24689
-1.67609 -3.35697 3.99772
-4.68701 -6.84228 1.80861
-8.07881 -6.86105 1.41521
-0.500459 4.34534 3.42931
0.741741 -1.28807 10.0917
-8.87931 -6.60844 1.35519
0.579922 -9.23196 1.62159
-0.857658 -7.61077 1.9585
10.6524 9.96866 1.02815
-2.46549 14.0969 1.04815
-6.86653 4.18865 1.86492
13.2567 -1.43986 1.12489
0.623958 0.23425 22.5063
13.5152 4.20898 1.05966
1.77473 -7.17968 2.02818
6.49807 -11.661 1.12365
1.49537 -5.84691 2.48546
