-57.2364 -18.2838 1.51931
-40.4115 -18.4228 1.29004
-38.9335 -34.0375 1.04984
-56.2437 -22.286 2.20327
-41.1714 -13.0982 1.01223
-42.7045 -13.2289 1.08314
-41.4203 -15.7267 1.18732
-36.283 -25.3063 1.09326
-55.811 -19.1164 1.81391
-45.8435 -21.8656 2.88135
-40.1574 -21.238 1.42355
-43.2756 -15.639 1.30142
-49.2827 -29.2193 3.50485
-40.4695 -21.6353 1.48412
-38.3594 -21.1983 1.22493
-45.9089 -11.5959 1.07032
-40.4229 -18.1609 1.2746
-51.6141 -25.4958 8.88339
-56.1966 -19.9275 1.87312
-47.6224 -33.4354 1.71154
-42.2118 -25.2764 1.92478
-42.7626 -13.2423 1.08643
-63.7777 -26.7969 1.07958
-53.2174 -20.0775 2.55072
-37.2268 -21.4389 1.1312
-46.3077 -15.3743 1.45496
-64.7475 -22.3425 1.001
-56.2171 -12.8101 1.09618
-45.3312 -23.6902 3.09337
-50.5368 -18.6013 2.33603
-62.5814 -20.5011 1.12262
-63.0131 -20.7006 1.0945
