-22.3498 -20.3635 1.60547
-33.9944 -8.39554 1.94341
-37.3473 -14.2833 2.03191
-40.4115 -18.4228 1.36865
-38.3345 -13.9618 1.78595
-21.5821 -26.7294 1.03896
-29.8195 -12.9399 7.25349
-41.1714 -13.0982 1.32367
-15.7853 -16.1744 1.05167
-18.2018 -20.9022 1.13704
-34.6671 -9.3998 2.05762
-42.7045 -13.2289 1.16938
-17.7627 -10.5778 1.1528
-29.1649 -29.5334 1.03041
-19.4369 -8.26942 1.19759
-41.4203 -15.7267 1.3108
-36.283 -25.3063 1.2427
-30.9294 -20.1019 2.89246
-19.7098 -11.2033 1.36758
-34.1903 -7.72048 1.78584
-20.1273 -6.40474 1.14591
-38.3366 -6.77895 1.28114
-40.1574 -21.238 1.2584
-43.2756 -15.639 1.12858
-36.2441 -7.13137 1.49327
-22.4978 -9.73687 1.6368
-40.4695 -21.6353 1.21016
-42.4168 -9.59947 1.10779
-22.6181 -7.84486 1.45908
-39.575 -4.18006 1.03819
-38.3594 -21.1983 1.44138
-40.4229 -18.1609 1.3772
-28.2884 -18.6144 3.75075
-18.2295 -13.4986 1.26413
-35.568 -19.0504 2.17855
-18.5526 -9.18623 1.16831
-28.5244 -17.6121 4.99988
-36.4073 -13.088 2.24334
-27.8515 -19.2702 3.13795
-22.4308 -21.4685 1.50653
-36.1832 -10.3883 1.94462
-23.5347 -14.9356 2.31998
-30.7026 -15.8351 13.7447
-30.2902 -12.1477 5.23187
-21.4084 -6.93506 1.27293
-42.7626 -13.2423 1.16432
-24.0729 -7.73738 1.60013
-34.3294 -13.9307 3.36357
-22.6895 -22.6367 1.41887
-34.5874 -14.0148 3.19694
-37.2268 -21.4389 1.54971
-28.4565 -5.02395 1.48592
-33.8747 -10.0878 2.39754
-21.8192 -11.5957 1.69285
-32.1204 -9.43869 2.52024
-25.4492 -11.1732 2.52273
-36.1663 -4.08705 1.19669
-17.4131 -16.6144 1.18203
-28.0607 -19.667 2.96803
-20.5952 -17.0624 1.55791
-37.3598 -12.7904 1.95203
-32.7277 -7.87981 1.96726
