49.2098 26.4156 1.33641
38.6086 6.51824 1.10674
27.2432 13.4566 1.04624
51.79 26.2483 1.12416
32.1177 20.6182 1.89717
49.0982 9.81336 1.09825
40.2138 15.9827 3.72857
48.4426 17.398 1.69788
46.3197 20.5525 2.36453
51.6682 18.8679 1.27954
39.6268 19.1124 15.579
50.1281 18.3399 1.46153
44.1096 13.8398 2.02559
48.8875 18.8328 1.6734
46.3607 11.9929 1.46684
48.93 22.6863 1.60853
46.3081 26.4056 1.66847
50.8428 16.5929 1.31978
34.0752 20.0104 2.53173
31.1589 11.8444 1.24706
44.4531 18.0899 3.09567
50.5222 10.2238 1.04436
31.4505 9.51822 1.10895
35.2741 23.2472 2.61597
30.953 23.5388 1.54408
45.8986 19.0284 2.50916
38.5665 8.03564 1.24482
33.4946 16.9192 2.0839
37.6225 15.9859 3.21518
46.0881 18.1373 2.35602
50.2299 13.5776 1.24184
38.0174 10.465 1.54021
39.8284 8.63972 1.32024
29.9597 27.0355 1.2235
42.353 17.1963 4.09814
34.3641 30.6365 1.24612
37.8968 14.4434 2.52469
42.7246 17.1074 3.77484
