-57.2364 -18.2838 1.24608
-56.2437 -22.286 1.74826
-70.2599 -37.1612 1.19885
-70.2742 -21.2504 1.11152
-55.811 -19.1164 1.28624
-69.5548 -31.7982 1.5428
-49.2827 -29.2193 1.39591
-70.4276 -33.7506 1.35359
-51.6141 -25.4958 1.5758
-56.1966 -19.9275 1.39319
-47.6224 -33.4354 1.16772
-63.7777 -26.7969 3.02854
-53.2174 -20.0775 1.24802
-64.7475 -22.3425 1.66486
-70.8308 -21.9587 1.11197
-50.5368 -18.6013 1.01249
-62.5814 -20.5011 1.52386
-63.1444 -15.5016 1.01109
-63.0131 -20.7006 1.53448
