49.2098 26.4156 1.31927
62.5989 29.3032 5.57489
70.692 23.5873 1.20312
59.3575 17.5601 1.20419
51.79 26.2483 1.66175
72.3958 25.3908 1.13422
63.4281 23.8028 2.11801
51.6682 18.8679 1.07877
72.5871 21.9182 1.00279
69.9851 22.4221 1.19665
48.93 22.6863 1.13055
46.3081 26.4056 1.05964
74.5233 31.343 1.02843
68.5587 29.563 1.75031
58.1343 21.1738 1.66275
59.4891 15.4999 1.03384
71.9588 23.7839 1.11294
61.6795 16.1396 1.07436
55.7748 20.4514 1.43656
66.0669 18.6557 1.16598
70.4179 23.0136 1.19583
71.2051 26.0259 1.26167
59.2345 38.9173 1.67597
