22.9726 -0.431854 1.06656
17.5089 5.0662 1.99756
14.1546 2.63345 3.13721
12.0855 -3.77468 1.66313
1.77252 14.2849 1.20913
13.3229 -0.567565 2.31347
9.76279 13.1026 1.85047
19.1976 -3.70646 1.18438
13.0274 7.89496 3.581
18.7937 -6.51509 1.03528
17.2834 3.23521 2.00157
8.00779 -2.99481 1.82055
5.63215 -0.14363 2.22289
8.48227 6.76533 6.44312
14.9569 5.52239 3.00941
18.3951 2.43918 1.70901
8.74494 -9.86972 1.00519
10.9648 -2.00158 2.12232
4.89314 -4.95437 1.34073
14.542 8.48361 2.62051
0.465366 3.96768 1.56407
-4.1411 6.53877 1.05451
7.0893 8.05989 3.55184
16.3655 16.992 1.10483
4.04011 14.0138 1.38812
23.2392 -1.03679 1.03089
13.0333 14.6885 1.47751
-1.5551 8.51737 1.24187
3.88842 0.669636 2.00261
19.8815 -5.30843 1.05045
18.0189 -2.6113 1.35673
20.6747 -3.81322 1.0836
16.986 2.67151 2.03699
14.4872 15.1132 1.35575
2.95535 9.97931 1.73878
8.58314 -4.61116 1.544
15.5072 17.9828 1.06364
16.0902 -6.41347 1.15949
7.03395 0.0178441 2.587
1.42412 8.06035 1.64734
9.66333 0.0398159 3.01714
18.532 -7.12137 1.01194
8.21575 -0.944833 2.4167
2.77843 13.4983 1.34502
-2.76954 5.23588 1.17447
17.2023 6.66027 2.02943
-3.03777 -0.825485 1.05042
-3.03465 -2.17815 1.00803
11.1615 17.5701 1.18825
11.6332 17.0132 1.23724
14.2804 9.88837 2.30857
15.1286 -2.03827 1.72244
1.95795 8.90048 1.67822
22.0232 -3.96757 1.00006
-1.67609 -3.35697 1.04467
18.6262 -2.4696 1.31455
18.6028 3.5895 1.72063
-0.500459 4.34534 1.42574
17.1311 -4.54398 1.25904
0.741741 -1.28807 1.34027
17.343 5.64254 2.03499
20.2257 11.3442 1.24648
15.6258 5.26646 2.66332
19.4056 7.57246 1.53829
24.4427 6.35052 1.03407
23.0439 9.77521 1.07987
10.6524 9.96866 2.99323
17.627 -1.78674 1.46924
13.2567 -1.43986 2.07857
0.623958 0.23425 1.42616
13.5152 4.20898 4.16304
7.75752 12.8427 1.83892
1.77473 -7.17968 1.02062
22.5386 -2.87116 1.01321
1.49537 -5.84691 1.08826
20.722 -3.44949 1.09881
