49.2098 26.4156 9.25241
62.5989 29.3032 1.12668
56.6986 14.4709 1.20199
59.3575 17.5601 1.25473
51.79 26.2483 6.87356
63.4281 23.8028 1.11265
40.2138 15.9827 1.12721
48.4426 17.398 1.93301
46.3197 20.5525 2.5984
51.6682 18.8679 2.36037
39.6268 19.1124 1.25759
50.1281 18.3399 2.25181
58.4617 13.6081 1.05703
44.1096 13.8398 1.18865
48.8875 18.8328 2.39358
46.3607 11.9929 1.11057
48.93 22.6863 5.8844
46.3081 26.4056 3.7971
50.8428 16.5929 1.77532
56.7763 15.2693 1.265
44.4531 18.0899 1.69282
50.5222 10.2238 1.01451
58.1343 21.1738 1.66867
59.4891 15.4999 1.11712
35.2741 23.2472 1.01147
45.8986 19.0284 2.07056
61.6795 16.1396 1.02319
46.0881 18.1373 1.8989
50.2299 13.5776 1.31294
55.7748 20.4514 2.04051
42.353 17.1963 1.37289
42.7246 17.1074 1.39739
57.2391 14.7022 1.19165
