38.6086 6.51824 1.2412
27.2432 13.4566 4.74767
30.2424 8.09787 2.1719
26.2417 10.2587 2.47927
32.1177 20.6182 2.49831
40.2138 15.9827 1.46185
33.5458 2.95896 1.195
39.6268 19.1124 1.43289
36.0335 3.87354 1.18511
35.9234 2.60792 1.0921
44.1096 13.8398 1.05953
25.8206 9.58205 2.19213
24.8583 1.60084 1.04516
24.8152 13.2618 2.74303
34.0752 20.0104 2.32256
31.1589 11.8444 4.46208
16.3655 16.992 1.08859
44.4531 18.0899 1.0149
24.8827 7.48614 1.65
31.4505 9.51822 2.6453
24.4853 10.0986 2.03305
35.2741 23.2472 1.53227
15.5072 17.9828 1.01375
30.953 23.5388 1.74586
38.5665 8.03564 1.35866
33.4946 16.9192 3.76233
37.0914 2.66625 1.05433
29.503 0.0204104 1.00081
25.3863 14.9212 3.2507
37.6225 15.9859 1.9516
38.0174 10.465 1.62847
39.8284 8.63972 1.2813
16.5715 19.7949 1.05198
20.2257 11.3442 1.43739
30.699 3.43043 1.29414
29.9597 27.0355 1.2463
24.8331 28.7474 1.02136
19.4056 7.57246 1.15932
24.4427 6.35052 1.45902
23.0439 9.77521 1.72419
42.353 17.1963 1.19553
22.4429 24.9798 1.19825
37.8968 14.4434 1.89481
25.4401 11.7547 2.68007
42.7246 17.1074 1.16298
25.3725 16.6144 3.06059
22.4655 14.2932 1.98215
24.0816 12.8771 2.38564
