-5.09154 2.39157 1.69054
-12.8644 4.16173 1.56265
-13.7726 -12.1463 1.85622
-5.52267 4.12454 1.47582
-16.2782 -6.85164 2.29164
-10.6133 -17.2569 1.22227
-4.92065 -11.0574 1.89748
-18.3318 -0.274436 1.56598
-6.61071 -8.31585 3.16353
-3.90637 -0.726531 2.01538
-3.32512 -4.43026 2.23909
-4.99321 5.54051 1.28543
-15.7853 -16.1744 1.19207
-21.0396 -2.63285 1.32855
-8.39872 3.46695 1.74074
-7.41636 -10.682 2.40316
-17.7627 -10.5778 1.56923
-19.4369 -8.26942 1.50192
-19.7098 -11.2033 1.30183
-0.850616 -16.3901 1.02671
-12.4578 -0.538765 2.94494
-20.1273 -6.40474 1.4671
-17.3231 -6.91822 1.98145
-19.2296 3.73528 1.18037
4.89314 -4.95437 1.00717
0.465366 3.96768 1.08838
-18.0977 3.0065 1.31723
-4.1411 6.53877 1.15911
-18.2286 6.76713 1.04466
-0.410288 -14.172 1.13039
-8.06852 9.81139 1.00423
-22.4978 -9.73687 1.1223
-22.6181 -7.84486 1.15966
-17.6179 6.28584 1.10162
-22.5691 0.0880209 1.1062
-16.8734 1.70961 1.56163
-6.77211 -5.87768 4.48419
-13.5588 -19.1072 1.03099
-15.2301 -11.4337 1.80912
-18.2295 -13.4986 1.26796
-15.156 0.971849 1.90122
-5.16313 5.19581 1.32921
-4.52486 -12.8455 1.56788
-18.5526 -9.18623 1.57527
-9.22117 -11.22 2.39287
-20.3246 1.68863 1.21933
-0.122864 -8.28193 1.44118
-2.76954 5.23588 1.19693
-3.18099 -3.05682 2.11551
-3.9868 -4.31262 2.47837
-3.03777 -0.825485 1.84778
-12.5246 -6.97298 4.68146
-3.03465 -2.17815 1.99594
2.88891 -9.68874 1.09367
-14.0847 -9.88854 2.35461
-11.9153 7.1028 1.22415
-10.4561 -10.3303 2.80387
1.87647 -13.8863 1.01126
-8.08135 -18.9107 1.06819
-11.6315 -9.87453 2.91811
-13.2909 7.04664 1.20115
-20.7942 2.17404 1.15734
-14.3423 -3.32181 3.22213
-14.3012 8.09436 1.08832
-6.99968 1.02962 2.22722
-11.3007 -18.0203 1.14634
-21.4084 -6.93506 1.29631
-1.67609 -3.35697 1.76793
-4.68701 -6.84228 2.66746
-24.0729 -7.73738 1.04627
-8.07881 -6.86105 5.60792
-0.500459 4.34534 1.12564
0.741741 -1.28807 1.31984
-21.8192 -11.5957 1.10823
-8.87931 -6.60844 7.65163
-17.078 1.75027 1.53361
0.579922 -9.23196 1.31638
-0.857658 -7.61077 1.57765
-12.0634 -15.0552 1.46132
-17.4131 -16.6144 1.08865
-6.86653 4.18865 1.54508
0.623958 0.23425 1.26653
-6.59986 -15.4283 1.36754
1.77473 -7.17968 1.25263
1.49537 -5.84691 1.30135
-20.0719 1.71049 1.2394
