-33.9944 -8.39554 1.14798
-37.3473 -14.2833 2.38012
-40.4115 -18.4228 9.20239
-38.9335 -34.0375 1.06549
-38.3345 -13.9618 2.39477
-29.8195 -12.9399 1.21075
-41.1714 -13.0982 2.14269
-34.6671 -9.3998 1.2641
-42.7045 -13.2289 2.05726
-29.1649 -29.5334 1.03935
-41.4203 -15.7267 3.33097
-36.283 -25.3063 2.31531
-30.9294 -20.1019 1.65359
-34.1903 -7.72048 1.1042
-45.8435 -21.8656 2.44536
-38.3366 -6.77895 1.12568
-40.1574 -21.238 12.0197
-43.9227 -9.00979 1.28543
-43.2756 -15.639 2.75017
-49.2827 -29.2193 1.14653
-36.2441 -7.13137 1.11894
-40.4695 -21.6353 8.81634
-42.4168 -9.59947 1.4048
-38.3594 -21.1983 7.38341
-46.3748 -9.07457 1.18584
-45.9089 -11.5959 1.46008
-40.4229 -18.1609 7.94872
-28.2884 -18.6144 1.27191
-51.6141 -25.4958 1.16742
-35.568 -19.0504 3.30933
-28.5244 -17.6121 1.27971
-36.4073 -13.088 1.92555
-27.8515 -19.2702 1.2325
-36.1832 -10.3883 1.45042
-30.7026 -15.8351 1.47237
-30.2902 -12.1477 1.20119
-42.2118 -25.2764 2.62183
-42.7626 -13.2423 2.05463
-34.3294 -13.9307 1.8059
-34.5874 -14.0148 1.85883
-53.2174 -20.0775 1.13484
-37.2268 -21.4389 4.80114
-46.3077 -15.3743 1.91765
-33.8747 -10.0878 1.28733
-32.1204 -9.43869 1.13836
-28.0607 -19.667 1.25587
-37.3598 -12.7904 1.95368
-44.6783 -8.70157 1.22662
-32.7277 -7.87981 1.06123
-45.3312 -23.6902 2.31347
-50.5368 -18.6013 1.41121
-47.0608 -6.97135 1.01222
