22.9726 -0.431854 1.38285
27.2432 13.4566 1.869
30.2424 8.09787 1.43989
17.5089 5.0662 2.71393
14.1546 2.63345 1.59507
26.2417 10.2587 2.40114
13.3229 -0.567565 1.19997
9.76279 13.1026 1.40226
19.1976 -3.70646 1.0925
13.0274 7.89496 2.05947
17.2834 3.23521 2.05764
24.6193 0.305229 1.39678
8.48227 6.76533 1.25383
14.9569 5.52239 2.2242
23.9215 -2.18612 1.17173
25.8206 9.58205 2.57046
18.3951 2.43918 1.94067
14.542 8.48361 2.64795
24.8583 1.60084 1.54591
24.8152 13.2618 2.5791
31.1589 11.8444 1.32623
7.0893 8.05989 1.14893
16.3655 16.992 1.9035
23.2392 -1.03679 1.30409
24.3149 -2.83836 1.1075
24.8827 7.48614 2.73134
13.0333 14.6885 1.78627
31.4505 9.51822 1.30883
18.0189 -2.6113 1.175
20.6747 -3.81322 1.08462
16.986 2.67151 1.89296
24.4853 10.0986 3.34348
14.4872 15.1132 1.99495
15.5072 17.9828 1.63752
9.66333 0.0398159 1.04497
17.2023 6.66027 3.44298
11.1615 17.5701 1.28897
11.6332 17.0132 1.37396
14.2804 9.88837 2.62206
15.1286 -2.03827 1.15504
22.0232 -3.96757 1.06282
29.503 0.0204104 1.0885
18.6262 -2.4696 1.19569
25.3863 14.9212 2.05595
18.6028 3.5895 2.28624
17.1311 -4.54398 1.01186
16.5715 19.7949 1.44542
17.343 5.64254 2.93908
20.2257 11.3442 11.0047
30.699 3.43043 1.19474
15.6258 5.26646 2.32732
19.4056 7.57246 6.00181
24.4427 6.35052 2.60893
23.0439 9.77521 4.91447
10.6524 9.96866 1.60468
17.627 -1.78674 1.24758
13.2567 -1.43986 1.12957
13.5152 4.20898 1.7253
25.4401 11.7547 2.62419
7.75752 12.8427 1.19349
24.5044 -0.676382 1.29447
22.5386 -2.87116 1.14337
25.3725 16.6144 1.76028
22.4655 14.2932 3.02984
20.722 -3.44949 1.11368
24.0816 12.8771 3.00378
