-22.3498 -20.3635 1.41156
-33.9944 -8.39554 1.06488
-13.7726 -12.1463 2.27724
-16.2782 -6.85164 3.07701
-10.6133 -17.2569 1.26424
-18.3318 -0.274436 1.52013
-6.61071 -8.31585 1.11154
-29.8195 -12.9399 1.46339
-15.7853 -16.1744 2.0065
-18.2018 -20.9022 1.35752
-21.0396 -2.63285 2.01609
-34.6671 -9.3998 1.02184
-7.41636 -10.682 1.19028
-17.7627 -10.5778 6.49158
-19.4369 -8.26942 8.2423
-30.9294 -20.1019 1.00787
-19.7098 -11.2033 12.1187
-34.1903 -7.72048 1.04368
-12.4578 -0.538765 1.23972
-20.1273 -6.40474 4.16955
-17.3231 -6.91822 3.67464
-19.2296 3.73528 1.09036
-18.0977 3.0065 1.14113
-22.4978 -9.73687 5.97216
-22.6181 -7.84486 4.42343
-22.5691 0.0880209 1.44092
-16.8734 1.70961 1.23764
-6.77211 -5.87768 1.08261
-28.2884 -18.6144 1.25477
-13.5588 -19.1072 1.34471
-15.2301 -11.4337 3.01161
-18.2295 -13.4986 3.82547
-15.156 0.971849 1.25067
-18.5526 -9.18623 9.03357
-9.22117 -11.22 1.38279
-28.5244 -17.6121 1.31251
-20.3246 1.68863 1.2828
-27.8515 -19.2702 1.23474
-12.5246 -6.97298 1.85989
-22.4308 -21.4685 1.27951
-14.0847 -9.88854 2.53537
-10.4561 -10.3303 1.57075
-8.08135 -18.9107 1.00797
-11.6315 -9.87453 1.79223
-23.5347 -14.9356 2.47083
-30.7026 -15.8351 1.23053
-20.7942 2.17404 1.22952
-14.3423 -3.32181 1.71378
-30.2902 -12.1477 1.42696
-11.3007 -18.0203 1.26772
-21.4084 -6.93506 4.44702
-24.0729 -7.73738 3.21947
-34.3294 -13.9307 1.0095
-22.6895 -22.6367 1.16102
-8.07881 -6.86105 1.21679
-28.4565 -5.02395 1.52876
-33.8747 -10.0878 1.08108
-21.8192 -11.5957 6.19862
-8.87931 -6.60844 1.29017
-17.078 1.75027 1.23884
-32.1204 -9.43869 1.23626
-12.0634 -15.0552 1.59408
-25.4492 -11.1732 2.69105
-17.4131 -16.6144 2.112
-28.0607 -19.667 1.19173
-20.5952 -17.0624 2.11643
-32.7277 -7.87981 1.16251
-6.59986 -15.4283 1.0375
-26.5077 -0.254601 1.28003
-20.0719 1.71049 1.28088
